Lib:u238_res_xs_data.lib
Radius:0.4075
Temperature:293.0
Dancoff:0.1827499 0.1595748
Density_U8: 2.180E-2
Density_H1: 4.360E-2

